444400000000000
880000006800000
1900000200000000
9894400000000000
880000007000000
1900000200800000
9894400000000000
880000007800000
1900000201000000
9894400000000000
880000008000000
1900000201800000
9894400000000000
880000008800000
1900000202000000
9894400000000000
880000009000000
1900000202800000
9894400000000000
880000005800000
1900000203000000
9894400000000000
8ffffffcd800000
1900000203800000
9894400000000000
880000005800000
1900000204000000
9894400000000000
8ffffffce800000
1900000204800000
9894400000000000
1980000200000000
1a00000009800000
1a80000212000000
d1a1a80000000000
1980000200000000
81c4080000000000
1900000040000000
9894400000000000
1980000200800000
81c4080000000000
1900000040000000
9894400000000000
1980000201000000
81c4080000000000
1900000040000000
9894400000000000
1980000201800000
81c4080000000000
1900000040000000
9894400000000000
1980000202000000
81c4080000000000
1900000040000000
9894400000000000
1980000202800000
81c4080000000000
1900000040000000
9894400000000000
1980000203000000
81c4080000000000
1900000040000000
9894400000000000
